eval_accuracy = 0.9493527508090615
eval_f1_score = 0.9513452132266191
eval_loss = 0.17107120958658364
eval_precision = 0.9593828795153115
eval_recall = 0.9493527508090615
global_step = 23130
loss = 0.22873451184824437
