acc = 0.8764387271496277
eval_loss = 0.301826398819685
global_step = 782
loss = 0.3342306025021369
