eval_accuracy = 0.5366082603254068
f1_score = 0.4240215576201116
precision = 0.6914017724051709
recall = 0.5366082603254068
