eval_accuracy = 0.9937465103294248
eval_loss = 0.338091770027365
global_step = 7000
loss = 0.3356665810729776
