eval_accuracy = 0.9927272727272727
eval_loss = 0.019895477851745315
global_step = 2580
loss = 0.024241474041735118
