eval_accuracy = 0.9840881272949816
eval_loss = 0.04938564714617454
global_step = 1533
loss = 0.040879422970983674
