eval_accuracy = 0.9976567076742824
eval_f1_score = 0.9976566529675631
eval_loss = 0.010137434596092336
eval_precision = 0.9976593385503231
eval_recall = 0.9976567076742824
global_step = 5115
loss = 0.01131628278270432
