eval_accuracy = 0.9965678627145086
eval_loss = 0.01431405432007383
global_step = 4809
loss = 0.008554223345304158
