eval_accuracy = 0.9946605644546148
eval_f1_score = 0.9946612798609987
eval_loss = 0.056672158227725464
eval_precision = 0.9946909593018948
eval_recall = 0.9946605644546148
global_step = 3935
loss = 0.21434128290134585
