eval_accuracy = 0.9956803455723542
eval_loss = 0.03944374108687043
global_step = 870
loss = 0.05865155366923788
