eval_accuracy = 0.8504672897196262
eval_f1_score = 0.7817426602473332
eval_loss = 0.3116803765296936
eval_precision = 0.7232946108830466
eval_recall = 0.8504672897196262
global_step = 162
loss = 0.3493631719439118
