eval_accuracy = 0.9935205183585313
eval_loss = 0.042869753029663116
global_step = 870
loss = 0.06484082591366665
