eval_accuracy = 0.9983955789286033
eval_f1_score = 0.9983957138172329
eval_loss = 0.005205261846889424
eval_precision = 0.9983962588467931
eval_recall = 0.9983955789286033
global_step = 16365
loss = 0.001363132668450678
