eval_accuracy = 0.9943850267379679
eval_loss = 0.33892241843881454
global_step = 9350
loss = 0.33354223649450804
