eval_accuracy = 0.8372030237580994
eval_f1_score = 0.8418002720774729
eval_loss = 0.3537037745118141
eval_precision = 0.8862048212966057
eval_recall = 0.8372030237580994
global_step = 3855
loss = 0.30711415230300176
