eval_accuracy = 0.9958223394898856
eval_f1_score = 0.995822043378798
eval_loss = 0.011144228563352954
eval_precision = 0.9958264759474228
eval_recall = 0.9958223394898856
global_step = 6828
loss = 0.012306245417901485
