acc = 0.7972465581977471
eval_accuracy = 0.7972465581977471
eval_f1_score = 0.7891734904645435
eval_loss = 0.5548270589113236
eval_precision = 0.8475245545689052
eval_recall = 0.7972465581977471
global_step = 4794
loss = 0.5125187484172169
