eval_accuracy = 0.6566164154103853
eval_loss = 0.5833504796028137
global_step = 1500
loss = 0.597023136417071
