eval_accuracy = 0.9292866082603254
eval_loss = 0.22348638304642268
global_step = 7990
loss = 0.18149320887068335
