eval_accuracy = 0.9305381727158949
eval_loss = 0.21910029223987035
global_step = 7990
loss = 0.18835593576779652
