eval_accuracy = 0.8882978723404256
eval_loss = 0.2988905778953007
global_step = 4794
loss = 0.3241645870205756
