eval_accuracy = 0.5635168961201502
eval_loss = 1.3210372584206718
global_step = 2397
loss = 0.38540756057141273
